                                                                                                                                                                                                                                                                                                                                                                                                                                                                                                                                                                                                                       VALUE1
                                           [344, 0, 551, 497, 325, 239, 253, 313, 313, 367, 355, 392, 453, 444, 504, 596, 567, 586, 795, 671, 943, 726, 720, 778, 787, 811, 1170, 824, 797, 804, 964, 840, 861, 879, 899, 921, 925, 997, 1071, 1376, 2714, 969, 994, 1001, 989, 999, 1048, 1075, 1206, 2644, 1134, 1137, 1148, 1170, 1164, 2412, 1167, 1603, 1214, 1311, 3425, 3425, 1305, 1475, 1325, 1353, 2162, 1591, 4173, 1727, 1380, 1483, 2133, 1451, 2082, 2785, 1668, 2058, 1578, 1776, 1433, 1446, 1499, 1761, 1556, 2121, 1490, 3736, 1890, 1457, 2279, 2849, 1493, 1505, 3877, 1556, 1637, 4128, 1725, 1522, ...]
                                                  [726, 551, 0, 62, 292, 490, 569, 641, 633, 695, 623, 597, 755, 713, 587, 452, 657, 768, 446, 752, 557, 661, 776, 802, 874, 749, 735, 730, 842, 805, 689, 873, 843, 874, 877, 826, 872, 802, 796, 939, 2168, 937, 888, 921, 984, 950, 1005, 954, 945, 2105, 1077, 1077, 1067, 1035, 1183, 1885, 1179, 1190, 1137, 1096, 2879, 2879, 1116, 1152, 1163, 1152, 1666, 1223, 3624, 1316, 1213, 1209, 1649, 1242, 1612, 2261, 1327, 1601, 1296, 1395, 1367, 1346, 1304, 1389, 1306, 1660, 1321, 3193, 1482, 1434, 1799, 2328, 1370, 1375, 3333, 1359, 1367, 3582, 1402, 1396, ...]
                                                   [692, 497, 62, 0, 230, 428, 508, 579, 571, 634, 562, 536, 694, 652, 532, 410, 603, 711, 437, 700, 558, 619, 726, 755, 824, 709, 750, 692, 794, 760, 674, 826, 800, 831, 835, 791, 833, 778, 783, 957, 2218, 897, 855, 886, 942, 911, 967, 923, 932, 2152, 1041, 1042, 1034, 1007, 1141, 1927, 1138, 1205, 1104, 1079, 2929, 2929, 1096, 1150, 1140, 1134, 1700, 1230, 3676, 1331, 1191, 1201, 1680, 1225, 1640, 2303, 1330, 1626, 1290, 1405, 1334, 1317, 1286, 1398, 1295, 1686, 1299, 3241, 1497, 1398, 1830, 2369, 1344, 1349, 3382, 1341, 1359, 3632, 1403, 1371, ...]
                                                     [610, 325, 292, 230, 0, 199, 278, 349, 341, 404, 334, 316, 468, 429, 342, 315, 418, 507, 475, 525, 621, 498, 561, 603, 653, 591, 846, 589, 636, 618, 666, 674, 667, 693, 705, 691, 716, 727, 776, 1053, 2408, 773, 762, 782, 808, 795, 849, 839, 919, 2332, 931, 933, 934, 931, 1003, 2094, 1002, 1284, 1004, 1043, 3118, 3118, 1047, 1174, 1079, 1091, 1838, 1280, 3872, 1408, 1133, 1197, 1808, 1187, 1757, 2465, 1364, 1734, 1291, 1464, 1233, 1230, 1242, 1450, 1279, 1797, 1243, 3426, 1573, 1280, 1954, 2528, 1267, 1276, 3567, 1299, 1354, 3821, 1426, 1295, ...]
                                                         [581, 239, 490, 428, 199, 0, 79, 155, 148, 214, 157, 169, 289, 259, 267, 373, 333, 376, 600, 440, 748, 487, 488, 543, 562, 572, 982, 586, 565, 568, 741, 608, 624, 643, 662, 682, 687, 762, 845, 1183, 2589, 732, 755, 763, 755, 761, 812, 836, 975, 2507, 897, 900, 910, 931, 936, 2259, 938, 1398, 977, 1075, 3297, 3296, 1066, 1249, 1086, 1116, 1986, 1374, 4055, 1520, 1141, 1251, 1950, 1213, 1892, 2628, 1444, 1863, 1346, 1560, 1198, 1208, 1261, 1542, 1320, 1928, 1251, 3601, 1680, 1226, 2093, 2688, 1254, 1267, 3743, 1318, 1403, 3998, 1497, 1283, ...]
                                                         [596, 253, 569, 508, 278, 79, 0, 79, 74, 140, 103, 141, 221, 199, 265, 415, 320, 334, 655, 420, 801, 497, 471, 530, 535, 576, 1036, 595, 546, 558, 776, 590, 615, 631, 653, 687, 683, 782, 876, 1234, 2657, 723, 759, 761, 739, 754, 801, 839, 1000, 2573, 887, 890, 904, 935, 911, 2322, 915, 1442, 969, 1089, 3365, 3364, 1076, 1279, 1091, 1127, 2042, 1410, 4124, 1562, 1146, 1272, 2003, 1224, 1943, 2689, 1475, 1912, 1368, 1597, 1184, 1200, 1269, 1577, 1336, 1977, 1254, 3667, 1721, 1205, 2145, 2749, 1250, 1263, 3809, 1325, 1422, 4065, 1524, 1278, ...]
                                                            [649, 313, 641, 579, 349, 155, 79, 0, 9, 62, 61, 122, 145, 131, 254, 438, 293, 278, 688, 382, 831, 486, 433, 495, 486, 556, 1066, 581, 506, 526, 786, 549, 583, 596, 620, 666, 654, 776, 880, 1259, 2705, 688, 737, 734, 699, 721, 766, 816, 997, 2617, 852, 855, 872, 911, 863, 2361, 868, 1458, 934, 1075, 3410, 3409, 1058, 1281, 1068, 1110, 2072, 1418, 4172, 1577, 1123, 1265, 2030, 1206, 1966, 2725, 1477, 1932, 1360, 1604, 1144, 1165, 1248, 1583, 1324, 1999, 1229, 3710, 1732, 1158, 2169, 2783, 1217, 1231, 3852, 1303, 1412, 4110, 1521, 1246, ...]
                                                            [651, 313, 633, 571, 341, 148, 74, 9, 0, 66, 54, 114, 147, 131, 246, 428, 286, 275, 679, 376, 822, 478, 428, 490, 483, 549, 1056, 574, 501, 521, 777, 545, 578, 591, 615, 660, 648, 768, 872, 1250, 2696, 683, 730, 728, 695, 716, 761, 810, 989, 2607, 847, 850, 867, 905, 859, 2352, 864, 1449, 929, 1068, 3401, 3400, 1051, 1273, 1062, 1103, 2063, 1409, 4163, 1568, 1117, 1257, 2021, 1199, 1957, 2716, 1469, 1923, 1353, 1596, 1140, 1160, 1241, 1575, 1316, 1990, 1223, 3701, 1724, 1154, 2160, 2774, 1212, 1226, 3843, 1297, 1404, 4100, 1513, 1240, ...]
                                                            [698, 367, 695, 634, 404, 214, 140, 62, 66, 0, 79, 134, 85, 86, 255, 458, 278, 238, 713, 355, 853, 479, 407, 469, 449, 542, 1087, 571, 475, 502, 792, 518, 559, 569, 594, 650, 632, 770, 883, 1276, 2738, 661, 719, 712, 667, 695, 737, 797, 993, 2646, 822, 826, 846, 891, 823, 2387, 828, 1468, 905, 1062, 3441, 3440, 1042, 1279, 1048, 1094, 2092, 1421, 4205, 1584, 1102, 1256, 2047, 1189, 1981, 2749, 1475, 1945, 1351, 1607, 1110, 1134, 1229, 1584, 1311, 2011, 1206, 3739, 1738, 1118, 2184, 2806, 1189, 1204, 3881, 1284, 1400, 4140, 1515, 1217, ...]
                                                            [696, 355, 623, 562, 334, 157, 103, 61, 54, 79, 0, 62, 134, 102, 193, 383, 233, 232, 637, 325, 778, 425, 377, 438, 435, 496, 1012, 520, 451, 468, 726, 494, 525, 539, 562, 606, 595, 715, 820, 1204, 2659, 631, 677, 675, 644, 663, 709, 756, 936, 2568, 795, 798, 814, 852, 812, 2310, 816, 1400, 877, 1015, 3363, 3362, 998, 1220, 1008, 1049, 2018, 1358, 4126, 1518, 1063, 1204, 1975, 1145, 1910, 2674, 1416, 1875, 1299, 1544, 1089, 1108, 1188, 1523, 1263, 1942, 1169, 3662, 1673, 1106, 2113, 2731, 1160, 1174, 3804, 1244, 1351, 4062, 1460, 1188, ...]
                                                             [736, 392, 597, 536, 316, 169, 141, 122, 114, 134, 62, 0, 163, 117, 132, 324, 179, 207, 579, 279, 719, 365, 329, 388, 396, 439, 953, 461, 405, 417, 665, 449, 474, 490, 512, 550, 543, 654, 759, 1144, 2605, 581, 621, 621, 598, 613, 660, 701, 876, 2513, 746, 749, 763, 797, 772, 2253, 776, 1338, 828, 956, 3308, 3307, 941, 1159, 953, 992, 1958, 1296, 4072, 1456, 1008, 1144, 1914, 1088, 1849, 2615, 1355, 1814, 1239, 1483, 1043, 1059, 1132, 1462, 1204, 1881, 1115, 3606, 1612, 1065, 2053, 2672, 1109, 1122, 3748, 1188, 1292, 4007, 1400, 1137, ...]
                                                           [781, 453, 755, 694, 468, 289, 221, 145, 147, 85, 134, 163, 0, 49, 250, 469, 249, 173, 725, 303, 859, 452, 353, 416, 382, 502, 1090, 536, 416, 451, 778, 457, 506, 512, 539, 607, 580, 739, 861, 1273, 2756, 603, 672, 660, 604, 638, 677, 749, 962, 2659, 761, 764, 787, 841, 750, 2395, 756, 1453, 844, 1019, 3456, 3454, 995, 1250, 996, 1047, 2090, 1397, 4222, 1567, 1049, 1218, 2041, 1141, 1972, 2753, 1445, 1933, 1312, 1582, 1042, 1070, 1178, 1558, 1267, 2000, 1151, 3751, 1717, 1045, 2176, 2808, 1127, 1143, 3893, 1231, 1358, 4153, 1481, 1155, ...]
                                                            [780, 444, 713, 652, 429, 259, 199, 131, 131, 86, 102, 117, 49, 0, 202, 420, 206, 152, 676, 271, 810, 409, 323, 386, 363, 465, 1041, 497, 390, 420, 732, 433, 476, 485, 511, 572, 550, 699, 818, 1225, 2706, 577, 639, 630, 582, 611, 653, 717, 922, 2610, 737, 741, 761, 810, 737, 2346, 742, 1408, 820, 984, 3407, 3405, 962, 1210, 966, 1014, 2042, 1355, 4173, 1522, 1020, 1181, 1994, 1109, 1926, 2705, 1404, 1887, 1276, 1540, 1024, 1049, 1147, 1517, 1232, 1954, 1123, 3702, 1674, 1032, 2130, 2760, 1104, 1119, 3844, 1202, 1323, 4104, 1442, 1132, ...]
                                                                    [847, 504, 587, 532, 342, 267, 265, 254, 246, 255, 193, 132, 250, 202, 0, 222, 76, 184, 477, 184, 609, 233, 226, 278, 312, 310, 840, 330, 304, 301, 537, 345, 357, 377, 396, 421, 421, 522, 628, 1025, 2507, 466, 494, 498, 490, 495, 545, 574, 743, 2410, 631, 633, 644, 670, 675, 2144, 677, 1212, 710, 825, 3207, 3205, 811, 1027, 826, 862, 1841, 1166, 3973, 1329, 881, 1012, 1794, 958, 1727, 2503, 1223, 1690, 1107, 1353, 931, 942, 1003, 1331, 1073, 1757, 989, 3501, 1483, 963, 1931, 2559, 989, 1001, 3643, 1060, 1160, 3903, 1267, 1017, ...]
                                                                            [915, 596, 452, 410, 315, 373, 415, 438, 428, 458, 383, 324, 469, 420, 222, 0, 260, 392, 257, 325, 394, 209, 336, 353, 435, 299, 629, 285, 395, 353, 368, 423, 390, 422, 425, 386, 424, 412, 475, 822, 2287, 487, 455, 481, 532, 503, 558, 529, 612, 2191, 635, 635, 631, 619, 731, 1929, 728, 1027, 702, 729, 2987, 2986, 731, 879, 764, 777, 1635, 1000, 3753, 1148, 818, 890, 1593, 873, 1530, 2291, 1073, 1497, 984, 1187, 933, 923, 927, 1169, 967, 1564, 929, 3283, 1308, 990, 1732, 2348, 956, 964, 3425, 984, 1046, 3685, 1128, 984, ...]
                                                                        [911, 567, 657, 603, 418, 333, 320, 293, 286, 278, 233, 179, 249, 206, 76, 260, 0, 132, 505, 109, 627, 203, 155, 211, 237, 264, 853, 292, 232, 238, 530, 275, 295, 312, 333, 374, 363, 493, 612, 1029, 2531, 403, 444, 442, 422, 434, 482, 524, 716, 2428, 568, 570, 584, 619, 604, 2158, 605, 1204, 649, 785, 3226, 3224, 766, 1004, 776, 818, 1846, 1149, 3995, 1318, 830, 978, 1795, 913, 1725, 2513, 1199, 1685, 1073, 1334, 866, 880, 955, 1310, 1033, 1752, 937, 3517, 1468, 893, 1929, 2567, 930, 943, 3659, 1011, 1122, 3920, 1238, 958, ...]
                                                                     [926, 586, 768, 711, 507, 376, 334, 278, 275, 238, 232, 207, 173, 152, 184, 392, 132, 0, 636, 136, 754, 309, 184, 245, 212, 342, 977, 381, 243, 281, 643, 284, 335, 339, 367, 441, 410, 584, 715, 1147, 2658, 430, 504, 489, 432, 466, 504, 579, 805, 2554, 588, 592, 614, 670, 586, 2281, 591, 1311, 672, 852, 3352, 3350, 825, 1093, 824, 878, 1963, 1246, 4121, 1421, 877, 1054, 1909, 971, 1836, 2633, 1286, 1793, 1147, 1429, 872, 899, 1006, 1403, 1098, 1861, 979, 3641, 1567, 881, 2040, 2685, 955, 971, 3783, 1060, 1191, 4045, 1318, 983, ...]
                                                                                  [1078, 795, 446, 437, 475, 600, 655, 688, 679, 713, 637, 579, 725, 676, 477, 257, 505, 636, 0, 544, 148, 372, 537, 528, 627, 425, 381, 387, 572, 512, 245, 584, 524, 557, 547, 456, 521, 378, 350, 584, 2030, 587, 500, 544, 644, 587, 637, 550, 499, 1934, 693, 692, 672, 617, 832, 1674, 824, 809, 738, 653, 2731, 2729, 678, 717, 730, 711, 1387, 809, 3497, 933, 777, 765, 1349, 798, 1292, 2037, 901, 1265, 853, 991, 959, 926, 861, 979, 860, 1329, 882, 3027, 1097, 1042, 1492, 2095, 942, 944, 3169, 915, 923, 3428, 970, 967, ...]
                                                                          [1015, 671, 752, 700, 525, 440, 420, 382, 376, 355, 325, 279, 303, 271, 184, 325, 109, 136, 544, 0, 648, 186, 52, 115, 128, 207, 862, 247, 126, 149, 518, 169, 205, 215, 240, 306, 278, 449, 584, 1024, 2547, 307, 370, 359, 319, 341, 385, 446, 670, 2439, 470, 473, 491, 539, 495, 2162, 498, 1180, 553, 717, 3237, 3235, 692, 958, 694, 745, 1837, 1111, 4008, 1288, 748, 918, 1781, 838, 1706, 2510, 1150, 1662, 1012, 1294, 765, 783, 876, 1268, 964, 1730, 852, 3523, 1433, 786, 1911, 2561, 836, 850, 3665, 930, 1056, 3927, 1182, 864, ...]
                                                                                   [1220, 943, 557, 558, 621, 748, 801, 831, 822, 853, 778, 719, 859, 810, 609, 394, 627, 754, 148, 648, 0, 465, 631, 610, 712, 494, 235, 449, 652, 587, 211, 656, 586, 617, 601, 492, 564, 368, 282, 435, 1904, 626, 518, 566, 685, 617, 661, 547, 419, 1802, 701, 699, 671, 595, 857, 1536, 846, 663, 731, 585, 2600, 2598, 621, 595, 682, 644, 1242, 672, 3368, 788, 723, 662, 1202, 723, 1144, 1897, 771, 1117, 745, 851, 936, 892, 788, 841, 765, 1181, 820, 2892, 953, 1032, 1345, 1953, 896, 895, 3035, 839, 817, 3295, 846, 919, ...]
                                                                                [1064, 726, 661, 619, 498, 487, 497, 486, 478, 479, 425, 365, 452, 409, 233, 209, 203, 309, 372, 186, 465, 0, 167, 158, 255, 93, 675, 99, 202, 149, 334, 221, 181, 213, 216, 197, 219, 291, 410, 839, 2361, 280, 270, 285, 323, 299, 354, 350, 514, 2252, 434, 435, 437, 445, 522, 1976, 519, 1004, 507, 592, 3051, 3048, 580, 800, 600, 630, 1654, 945, 3821, 1116, 655, 779, 1601, 727, 1527, 2326, 996, 1485, 875, 1131, 736, 734, 774, 1107, 840, 1553, 764, 3337, 1265, 786, 1732, 2377, 775, 785, 3479, 831, 927, 3741, 1036, 803, ...]
                                                                                [1065, 720, 776, 726, 561, 488, 471, 433, 428, 407, 377, 329, 353, 323, 226, 336, 155, 184, 537, 52, 631, 167, 0, 63, 99, 166, 838, 210, 78, 98, 488, 120, 153, 163, 188, 258, 227, 408, 547, 994, 2524, 255, 320, 307, 269, 289, 333, 395, 626, 2413, 418, 422, 439, 487, 449, 2133, 451, 1143, 501, 668, 3211, 3209, 642, 914, 643, 694, 1804, 1069, 3982, 1249, 697, 870, 1747, 788, 1670, 2480, 1105, 1624, 963, 1251, 714, 731, 824, 1224, 914, 1692, 800, 3494, 1392, 738, 1875, 2529, 784, 798, 3636, 879, 1007, 3900, 1135, 812, ...]
                                                                                 [1122, 778, 802, 755, 603, 543, 530, 495, 490, 469, 438, 388, 416, 386, 278, 353, 211, 245, 528, 115, 610, 158, 63, 0, 102, 123, 807, 169, 44, 37, 451, 72, 90, 102, 125, 201, 165, 358, 501, 955, 2492, 194, 259, 245, 212, 226, 272, 333, 572, 2377, 358, 361, 377, 425, 401, 2095, 401, 1094, 440, 608, 3175, 3172, 580, 858, 580, 633, 1761, 1016, 3947, 1199, 634, 811, 1701, 726, 1622, 2438, 1049, 1575, 904, 1197, 656, 671, 762, 1169, 853, 1644, 737, 3456, 1339, 685, 1827, 2486, 722, 737, 3598, 816, 946, 3861, 1077, 751, ...]
                                                                             [1131, 787, 874, 824, 653, 562, 535, 486, 483, 449, 435, 396, 382, 363, 312, 435, 237, 212, 627, 128, 712, 255, 99, 102, 0, 224, 909, 270, 64, 131, 552, 88, 161, 150, 180, 285, 231, 450, 597, 1053, 2593, 231, 331, 303, 223, 268, 300, 396, 656, 2477, 381, 385, 411, 479, 377, 2194, 381, 1186, 464, 673, 3274, 3272, 639, 939, 629, 692, 1856, 1101, 4047, 1287, 680, 881, 1795, 780, 1714, 2534, 1126, 1665, 971, 1278, 661, 689, 810, 1249, 914, 1734, 777, 3554, 1423, 672, 1918, 2582, 746, 763, 3696, 862, 1008, 3960, 1148, 774, ...]
                                                                                   [1151, 811, 749, 709, 591, 572, 576, 556, 549, 542, 496, 439, 502, 465, 310, 299, 264, 342, 425, 207, 494, 93, 166, 123, 224, 0, 685, 46, 161, 94, 328, 162, 100, 134, 130, 111, 126, 242, 381, 832, 2369, 188, 184, 193, 235, 205, 261, 264, 463, 2254, 341, 342, 344, 360, 434, 1972, 430, 976, 414, 520, 3052, 3049, 502, 751, 516, 554, 1639, 904, 3824, 1083, 571, 716, 1581, 650, 1503, 2316, 944, 1458, 810, 1087, 643, 642, 693, 1061, 769, 1526, 679, 3333, 1226, 693, 1708, 2365, 684, 696, 3475, 749, 858, 3739, 978, 713, ...]
                                                                               [1433, 1170, 735, 750, 846, 982, 1036, 1066, 1056, 1087, 1012, 953, 1090, 1041, 840, 629, 853, 977, 381, 862, 235, 675, 838, 807, 909, 685, 0, 639, 846, 779, 359, 841, 766, 793, 772, 654, 727, 497, 358, 208, 1686, 780, 657, 707, 838, 762, 796, 660, 431, 1578, 815, 811, 775, 677, 984, 1306, 970, 455, 821, 592, 2376, 2374, 645, 481, 715, 650, 1007, 504, 3146, 581, 741, 591, 968, 704, 912, 1664, 622, 888, 653, 665, 993, 932, 769, 663, 701, 952, 819, 2665, 747, 1103, 1111, 1719, 919, 912, 2807, 811, 728, 3068, 708, 937, ...]
                                                                                  [1162, 824, 730, 692, 589, 586, 595, 581, 574, 571, 520, 461, 536, 497, 330, 285, 292, 381, 387, 247, 449, 99, 210, 169, 270, 46, 639, 0, 207, 140, 282, 206, 138, 171, 161, 102, 143, 203, 338, 786, 2323, 209, 174, 195, 262, 220, 275, 253, 426, 2208, 350, 350, 346, 348, 458, 1927, 452, 934, 417, 495, 3006, 3003, 482, 714, 501, 532, 1595, 865, 3778, 1042, 556, 686, 1537, 629, 1460, 2271, 909, 1415, 781, 1049, 648, 641, 675, 1023, 743, 1484, 666, 3288, 1187, 705, 1665, 2320, 679, 689, 3429, 732, 831, 3693, 946, 708, ...]
                                                                                  [1141, 797, 842, 794, 636, 565, 546, 506, 501, 475, 451, 405, 416, 390, 304, 395, 232, 243, 572, 126, 652, 202, 78, 44, 64, 161, 846, 207, 0, 67, 489, 43, 101, 97, 126, 223, 174, 386, 533, 990, 2529, 187, 273, 251, 193, 223, 262, 342, 595, 2413, 347, 350, 372, 430, 372, 2130, 373, 1123, 430, 620, 3210, 3208, 588, 880, 583, 641, 1792, 1040, 3983, 1225, 636, 826, 1731, 732, 1651, 2470, 1068, 1603, 917, 1219, 639, 659, 765, 1190, 863, 1671, 736, 3490, 1362, 661, 1856, 2518, 714, 729, 3632, 818, 956, 3896, 1092, 742, ...]
                                                                                     [1148, 804, 805, 760, 618, 568, 558, 526, 521, 502, 468, 417, 451, 420, 301, 353, 238, 281, 512, 149, 587, 149, 98, 37, 131, 94, 779, 140, 67, 0, 422, 73, 57, 77, 95, 164, 130, 323, 467, 923, 2462, 165, 223, 210, 191, 196, 244, 298, 535, 2346, 330, 333, 347, 390, 386, 2063, 385, 1059, 411, 571, 3144, 3141, 544, 822, 546, 597, 1727, 980, 3916, 1163, 600, 774, 1667, 690, 1588, 2405, 1012, 1540, 867, 1160, 630, 642, 727, 1132, 817, 1608, 704, 3424, 1303, 665, 1792, 2453, 692, 706, 3565, 782, 910, 3829, 1040, 721, ...]
                                                                                    [1275, 964, 689, 674, 666, 741, 776, 786, 777, 792, 726, 665, 778, 732, 537, 368, 530, 643, 245, 518, 211, 334, 488, 451, 552, 328, 359, 282, 489, 422, 0, 482, 406, 434, 413, 297, 371, 157, 112, 507, 2041, 427, 311, 361, 486, 414, 454, 337, 260, 1926, 491, 488, 460, 387, 650, 1646, 638, 676, 520, 408, 2724, 2721, 433, 511, 487, 465, 1320, 634, 3496, 792, 533, 534, 1267, 553, 1195, 1993, 705, 1155, 627, 821, 729, 690, 615, 802, 623, 1222, 637, 3007, 947, 822, 1399, 2044, 701, 702, 3149, 670, 692, 3412, 762, 725, ...]
                                                                                   [1184, 840, 873, 826, 674, 608, 590, 549, 545, 518, 494, 449, 457, 433, 345, 423, 275, 284, 584, 169, 656, 221, 120, 72, 88, 162, 841, 206, 43, 73, 482, 0, 78, 62, 92, 202, 144, 369, 518, 978, 2521, 147, 243, 216, 150, 183, 220, 308, 570, 2403, 304, 308, 330, 393, 331, 2117, 332, 1102, 387, 586, 3199, 3196, 552, 852, 544, 605, 1775, 1015, 3972, 1202, 596, 794, 1713, 694, 1631, 2455, 1038, 1581, 884, 1192, 595, 616, 726, 1162, 827, 1649, 696, 3476, 1337, 618, 1835, 2501, 671, 686, 3618, 778, 921, 3882, 1060, 699, ...]
                                                                                     [1204, 861, 843, 800, 667, 624, 615, 583, 578, 559, 525, 474, 506, 476, 357, 390, 295, 335, 524, 205, 586, 181, 153, 90, 161, 100, 766, 138, 101, 57, 406, 78, 0, 33, 39, 124, 75, 291, 439, 899, 2443, 109, 172, 154, 143, 139, 188, 244, 495, 2325, 274, 276, 289, 335, 342, 2038, 339, 1025, 354, 520, 3121, 3118, 490, 778, 490, 543, 1697, 939, 3893, 1125, 544, 725, 1635, 636, 1553, 2376, 966, 1504, 817, 1117, 575, 585, 671, 1089, 764, 1572, 647, 3398, 1262, 613, 1758, 2423, 635, 649, 3540, 726, 858, 3804, 991, 663, ...]
                                                                                      [1223, 879, 874, 831, 693, 643, 631, 596, 591, 569, 539, 490, 512, 485, 377, 422, 312, 339, 557, 215, 617, 213, 163, 102, 150, 134, 793, 171, 97, 77, 434, 62, 33, 0, 30, 144, 81, 312, 462, 923, 2468, 92, 181, 154, 115, 127, 170, 246, 509, 2348, 256, 259, 277, 333, 312, 2061, 310, 1043, 338, 524, 3144, 3141, 491, 790, 486, 544, 1717, 953, 3917, 1141, 538, 731, 1653, 634, 1571, 2397, 976, 1521, 822, 1130, 555, 569, 667, 1100, 766, 1589, 640, 3420, 1275, 588, 1775, 2443, 621, 636, 3561, 721, 860, 3826, 998, 650, ...]
                                                                                     [1243, 899, 877, 835, 705, 662, 653, 620, 615, 594, 562, 512, 539, 511, 396, 425, 333, 367, 547, 240, 601, 216, 188, 125, 180, 130, 772, 161, 126, 95, 413, 92, 39, 30, 0, 119, 52, 286, 436, 898, 2444, 70, 151, 125, 106, 101, 149, 216, 480, 2323, 235, 238, 252, 304, 306, 2035, 302, 1014, 316, 494, 3118, 3115, 461, 761, 457, 515, 1689, 924, 3891, 1112, 511, 701, 1625, 605, 1543, 2370, 946, 1492, 792, 1100, 536, 547, 639, 1070, 736, 1560, 613, 3393, 1245, 575, 1746, 2415, 598, 612, 3535, 693, 830, 3800, 968, 626, ...]
                                                                                     [1261, 921, 826, 791, 691, 682, 687, 666, 660, 650, 606, 550, 607, 572, 421, 386, 374, 441, 456, 306, 492, 197, 258, 201, 285, 111, 654, 102, 223, 164, 297, 202, 124, 144, 119, 0, 73, 168, 318, 779, 2325, 134, 73, 95, 192, 131, 183, 153, 372, 2204, 251, 251, 245, 249, 376, 1917, 368, 901, 316, 413, 3000, 2997, 392, 658, 405, 444, 1573, 817, 3773, 1002, 460, 613, 1511, 539, 1429, 2253, 848, 1380, 706, 996, 546, 539, 582, 969, 660, 1448, 568, 3276, 1139, 608, 1634, 2299, 578, 588, 3417, 638, 751, 3682, 877, 606, ...]
                                                                                       [1268, 925, 872, 833, 716, 687, 683, 654, 648, 632, 595, 543, 580, 550, 421, 424, 363, 410, 521, 278, 564, 219, 227, 165, 231, 126, 727, 143, 174, 130, 371, 144, 75, 81, 52, 73, 0, 237, 387, 849, 2395, 67, 100, 80, 123, 79, 134, 169, 428, 2274, 215, 217, 223, 260, 316, 1985, 309, 962, 291, 445, 3068, 3065, 415, 709, 416, 469, 1638, 872, 3841, 1060, 470, 652, 1574, 561, 1491, 2319, 895, 1440, 743, 1048, 518, 522, 597, 1019, 690, 1508, 575, 3343, 1194, 567, 1694, 2364, 568, 581, 3484, 652, 783, 3749, 918, 596, ...]
                                                                                    [1325, 997, 802, 778, 727, 762, 782, 776, 768, 770, 715, 654, 739, 699, 522, 412, 493, 584, 378, 449, 368, 291, 408, 358, 450, 242, 497, 203, 386, 323, 157, 369, 291, 312, 286, 168, 237, 0, 150, 612, 2158, 284, 160, 210, 342, 265, 301, 180, 223, 2037, 334, 331, 303, 239, 494, 1749, 482, 737, 365, 317, 2832, 2829, 322, 511, 362, 365, 1406, 662, 3605, 841, 414, 491, 1345, 461, 1265, 2086, 706, 1218, 586, 845, 581, 549, 516, 820, 559, 1286, 523, 3108, 984, 669, 1470, 2132, 569, 573, 3249, 573, 642, 3514, 746, 595, ...]
                                                                                   [1385, 1071, 796, 783, 776, 845, 876, 880, 872, 883, 820, 759, 861, 818, 628, 475, 612, 715, 350, 584, 282, 410, 547, 501, 597, 381, 358, 338, 533, 467, 112, 518, 439, 462, 436, 318, 387, 150, 0, 462, 2008, 432, 305, 354, 488, 411, 440, 303, 149, 1886, 457, 453, 418, 327, 626, 1599, 613, 597, 469, 306, 2682, 2679, 339, 405, 400, 365, 1259, 538, 3455, 707, 441, 423, 1200, 449, 1123, 1938, 600, 1078, 515, 724, 660, 611, 513, 703, 513, 1146, 540, 2959, 856, 762, 1328, 1985, 614, 613, 3100, 566, 581, 3365, 654, 637, ...]
                                                                      [1641, 1376, 939, 957, 1053, 1183, 1234, 1259, 1250, 1276, 1204, 1144, 1273, 1225, 1025, 822, 1029, 1147, 584, 1024, 435, 839, 994, 955, 1053, 832, 208, 786, 990, 923, 507, 978, 899, 923, 898, 779, 849, 612, 462, 0, 1547, 892, 764, 812, 947, 868, 890, 747, 470, 1425, 890, 886, 845, 737, 1063, 1140, 1048, 256, 878, 598, 2221, 2219, 659, 386, 729, 647, 817, 343, 2994, 379, 742, 523, 771, 674, 709, 1487, 471, 682, 558, 478, 1011, 939, 733, 483, 629, 746, 795, 2501, 544, 1129, 911, 1538, 910, 899, 2643, 763, 629, 2907, 564, 923, ...]
            [2864, 2714, 2168, 2218, 2408, 2589, 2657, 2705, 2696, 2738, 2659, 2605, 2756, 2706, 2507, 2287, 2531, 2658, 2030, 2547, 1904, 2361, 2524, 2492, 2593, 2369, 1686, 2323, 2529, 2462, 2041, 2521, 2443, 2468, 2444, 2325, 2395, 2158, 2008, 1547, 0, 2439, 2311, 2358, 2493, 2414, 2434, 2290, 2004, 181, 2426, 2421, 2379, 2268, 2597, 473, 2581, 1496, 2401, 2096, 711, 712, 2159, 1804, 2223, 2130, 863, 1643, 1467, 1454, 2216, 1939, 959, 2115, 1064, 451, 1714, 1141, 1909, 1553, 2484, 2402, 2154, 1593, 2007, 1094, 2227, 1029, 1419, 2606, 939, 519, 2352, 2335, 1168, 2157, 1944, 1414, 1773, 2353, ...]
                                                                                       [1313, 969, 937, 897, 773, 732, 723, 688, 683, 661, 631, 581, 603, 577, 466, 487, 403, 430, 587, 307, 626, 280, 255, 194, 231, 188, 780, 209, 187, 165, 427, 147, 109, 92, 70, 134, 67, 284, 432, 892, 2439, 0, 128, 84, 59, 37, 79, 171, 454, 2314, 165, 168, 185, 248, 249, 2023, 243, 991, 246, 446, 3107, 3104, 408, 725, 398, 461, 1671, 892, 3880, 1084, 449, 656, 1604, 549, 1518, 2352, 906, 1465, 744, 1064, 466, 478, 579, 1033, 683, 1533, 549, 3379, 1212, 507, 1721, 2396, 529, 543, 3520, 631, 778, 3785, 923, 557, ...]
                                                                                      [1334, 994, 888, 855, 762, 755, 759, 737, 730, 719, 677, 621, 672, 639, 494, 455, 444, 504, 500, 370, 518, 270, 320, 259, 331, 184, 657, 174, 273, 223, 311, 243, 172, 181, 151, 73, 100, 160, 305, 764, 2311, 128, 0, 50, 183, 106, 143, 80, 330, 2186, 194, 193, 179, 176, 340, 1895, 329, 867, 249, 348, 2980, 2977, 323, 609, 332, 376, 1544, 773, 3753, 962, 387, 553, 1479, 470, 1394, 2226, 795, 1343, 645, 948, 479, 468, 511, 919, 595, 1411, 496, 3251, 1094, 548, 1598, 2270, 505, 515, 3393, 567, 687, 3658, 819, 533, ...]
                                                                                        [1343, 1001, 921, 886, 782, 763, 761, 734, 728, 712, 675, 621, 660, 630, 498, 481, 442, 489, 544, 359, 566, 285, 307, 245, 303, 193, 707, 195, 251, 210, 361, 216, 154, 154, 125, 95, 80, 210, 354, 812, 2358, 84, 50, 0, 135, 56, 95, 92, 370, 2232, 156, 156, 152, 180, 292, 1940, 282, 908, 222, 370, 3025, 3022, 337, 643, 336, 390, 1587, 809, 3798, 1001, 390, 578, 1520, 482, 1435, 2269, 826, 1382, 668, 982, 452, 449, 517, 952, 612, 1450, 495, 3296, 1130, 513, 1637, 2312, 492, 504, 3437, 572, 706, 3702, 845, 520, ...]
                                                                                  [1333, 989, 984, 942, 808, 755, 739, 699, 695, 667, 644, 598, 604, 582, 490, 532, 422, 432, 644, 319, 685, 323, 269, 212, 223, 235, 838, 262, 193, 191, 486, 150, 143, 115, 106, 192, 123, 342, 488, 947, 2493, 59, 183, 135, 0, 79, 81, 213, 501, 2367, 158, 162, 191, 276, 200, 2074, 196, 1039, 241, 479, 3159, 3156, 435, 766, 415, 487, 1719, 934, 3932, 1128, 464, 688, 1651, 570, 1564, 2401, 942, 1510, 774, 1103, 445, 467, 594, 1071, 707, 1577, 557, 3429, 1253, 473, 1766, 2444, 524, 540, 3570, 644, 803, 3836, 954, 552, ...]
                                                                                      [1342, 999, 950, 911, 795, 761, 754, 721, 716, 695, 663, 613, 638, 611, 495, 503, 434, 466, 587, 341, 617, 299, 289, 226, 268, 205, 762, 220, 223, 196, 414, 183, 139, 127, 101, 131, 79, 265, 411, 868, 2414, 37, 106, 56, 79, 0, 55, 137, 423, 2288, 137, 139, 151, 211, 245, 1995, 237, 961, 216, 410, 3080, 3077, 372, 692, 361, 424, 1641, 859, 3853, 1052, 413, 620, 1573, 512, 1487, 2323, 871, 1433, 708, 1030, 440, 447, 542, 999, 646, 1501, 513, 3350, 1178, 488, 1689, 2366, 496, 510, 3491, 595, 742, 3757, 887, 525, ...]
                                                                                     [1392, 1048, 1005, 967, 849, 812, 801, 766, 761, 737, 709, 660, 677, 653, 545, 558, 482, 504, 637, 385, 661, 354, 333, 272, 300, 261, 796, 275, 262, 244, 454, 220, 188, 170, 149, 183, 134, 301, 440, 890, 2434, 79, 143, 95, 81, 55, 0, 145, 434, 2305, 86, 89, 111, 196, 197, 2011, 187, 970, 168, 399, 3096, 3092, 354, 691, 334, 406, 1652, 861, 3868, 1056, 383, 609, 1581, 488, 1493, 2333, 864, 1437, 693, 1027, 387, 399, 513, 994, 626, 1505, 478, 3362, 1177, 432, 1694, 2374, 452, 467, 3503, 563, 722, 3769, 874, 480, ...]
                                                                                     [1414, 1075, 954, 923, 839, 836, 839, 816, 810, 797, 756, 701, 749, 717, 574, 529, 524, 579, 550, 446, 547, 350, 395, 333, 396, 264, 660, 253, 342, 298, 337, 308, 244, 246, 216, 153, 169, 180, 303, 747, 2290, 171, 80, 92, 213, 137, 145, 0, 290, 2160, 156, 153, 124, 96, 323, 1866, 310, 827, 189, 278, 2951, 2948, 246, 555, 252, 299, 1508, 722, 3724, 916, 307, 486, 1439, 392, 1351, 2190, 735, 1297, 576, 893, 414, 395, 432, 862, 520, 1365, 415, 3218, 1041, 493, 1553, 2231, 428, 437, 3359, 487, 614, 3625, 753, 456, ...]
                                                                                  [1526, 1206, 945, 932, 919, 975, 1000, 997, 989, 993, 936, 876, 962, 922, 743, 612, 716, 805, 499, 670, 419, 514, 626, 572, 656, 463, 431, 426, 595, 535, 260, 570, 495, 509, 480, 372, 428, 223, 149, 470, 2004, 454, 330, 370, 501, 423, 434, 290, 0, 1872, 423, 418, 376, 267, 595, 1576, 580, 538, 408, 169, 2661, 2658, 215, 288, 284, 229, 1218, 445, 3434, 632, 314, 278, 1150, 304, 1065, 1900, 482, 1012, 373, 625, 562, 501, 369, 598, 364, 1080, 404, 2928, 767, 674, 1268, 1942, 492, 488, 3069, 421, 435, 3335, 524, 512, ...]
               [2814, 2644, 2105, 2152, 2332, 2507, 2573, 2617, 2607, 2646, 2568, 2513, 2659, 2610, 2410, 2191, 2428, 2554, 1934, 2439, 1802, 2252, 2413, 2377, 2477, 2254, 1578, 2208, 2413, 2346, 1926, 2403, 2325, 2348, 2323, 2204, 2274, 2037, 1886, 1425, 181, 2314, 2186, 2232, 2367, 2288, 2305, 2160, 1872, 0, 2292, 2287, 2245, 2134, 2462, 308, 2446, 1353, 2263, 1956, 798, 796, 2018, 1659, 2080, 1987, 699, 1495, 1570, 1302, 2071, 1791, 794, 1967, 898, 305, 1559, 974, 1756, 1395, 2336, 2253, 2003, 1435, 1854, 925, 2076, 1094, 1257, 2458, 764, 383, 2201, 2183, 1236, 2003, 1788, 1494, 1614, 2201, ...]
                                                                                    [1478, 1134, 1077, 1041, 931, 897, 887, 852, 847, 822, 795, 746, 761, 737, 631, 635, 568, 588, 693, 470, 701, 434, 418, 358, 381, 341, 815, 350, 347, 330, 491, 304, 274, 256, 235, 251, 215, 334, 457, 890, 2426, 165, 194, 156, 158, 137, 86, 156, 423, 2292, 0, 5, 49, 159, 173, 1994, 158, 947, 83, 355, 3079, 3075, 302, 656, 269, 351, 1628, 827, 3851, 1025, 313, 560, 1555, 425, 1463, 2309, 819, 1405, 639, 985, 303, 313, 442, 951, 565, 1472, 401, 3340, 1137, 357, 1662, 2348, 367, 383, 3480, 490, 661, 3747, 821, 395, ...]
                                                                                    [1480, 1137, 1077, 1042, 933, 900, 890, 855, 850, 826, 798, 749, 764, 741, 633, 635, 570, 592, 692, 473, 699, 435, 422, 361, 385, 342, 811, 350, 350, 333, 488, 308, 276, 259, 238, 251, 217, 331, 453, 886, 2421, 168, 193, 156, 162, 139, 89, 153, 418, 2287, 5, 0, 43, 154, 177, 1989, 162, 942, 80, 350, 3074, 3070, 297, 651, 264, 345, 1623, 822, 3846, 1020, 308, 555, 1549, 419, 1458, 2304, 814, 1399, 634, 980, 301, 310, 437, 946, 560, 1466, 396, 3335, 1132, 357, 1657, 2343, 363, 379, 3475, 485, 656, 3742, 816, 391, ...]
                                                                                   [1491, 1148, 1067, 1034, 934, 910, 904, 872, 867, 846, 814, 763, 787, 761, 644, 631, 584, 614, 672, 491, 671, 437, 439, 377, 411, 344, 775, 346, 372, 347, 460, 330, 289, 277, 252, 245, 223, 303, 418, 845, 2379, 185, 179, 152, 191, 151, 111, 124, 376, 2245, 49, 43, 0, 111, 219, 1946, 203, 898, 71, 307, 3030, 3027, 255, 607, 226, 304, 1580, 779, 3802, 976, 273, 513, 1506, 381, 1415, 2260, 771, 1356, 593, 937, 302, 299, 403, 903, 521, 1423, 367, 3292, 1089, 371, 1613, 2299, 346, 359, 3432, 453, 617, 3698, 775, 374, ...]
                                                                                  [1509, 1170, 1035, 1007, 931, 931, 935, 911, 905, 891, 852, 797, 841, 810, 670, 619, 619, 670, 617, 539, 595, 445, 487, 425, 479, 360, 677, 348, 430, 390, 387, 393, 335, 333, 304, 249, 260, 239, 327, 737, 2268, 248, 176, 180, 276, 211, 196, 96, 267, 2134, 159, 154, 111, 0, 329, 1835, 313, 788, 144, 203, 2920, 2916, 160, 499, 157, 213, 1469, 670, 3692, 867, 212, 413, 1396, 302, 1305, 2150, 669, 1247, 498, 832, 343, 311, 337, 799, 435, 1315, 319, 3181, 983, 437, 1505, 2189, 338, 345, 3321, 392, 530, 3588, 678, 365, ...]
                                                                           [1507, 1164, 1183, 1141, 1003, 936, 911, 863, 859, 823, 812, 772, 750, 737, 675, 731, 604, 586, 832, 495, 857, 522, 449, 401, 377, 434, 984, 458, 372, 386, 650, 331, 342, 312, 306, 376, 316, 494, 626, 1063, 2597, 249, 340, 292, 200, 245, 197, 323, 595, 2462, 173, 177, 219, 329, 0, 2163, 16, 1114, 205, 514, 3247, 3243, 456, 817, 407, 498, 1794, 988, 4018, 1187, 440, 710, 1718, 557, 1625, 2474, 970, 1564, 781, 1139, 306, 359, 558, 1103, 698, 1631, 502, 3506, 1292, 296, 1822, 2511, 427, 448, 3645, 597, 792, 3912, 962, 451, ...]
               [2605, 2412, 1885, 1927, 2094, 2259, 2322, 2361, 2352, 2387, 2310, 2253, 2395, 2346, 2144, 1929, 2158, 2281, 1674, 2162, 1536, 1976, 2133, 2095, 2194, 1972, 1306, 1927, 2130, 2063, 1646, 2117, 2038, 2061, 2035, 1917, 1985, 1749, 1599, 1140, 473, 2023, 1895, 1940, 2074, 1995, 2011, 1866, 1576, 308, 1994, 1989, 1946, 1835, 2163, 0, 2147, 1051, 1962, 1654, 1085, 1082, 1716, 1356, 1777, 1683, 392, 1190, 1858, 996, 1766, 1485, 487, 1661, 592, 377, 1251, 668, 1449, 1088, 2031, 1947, 1697, 1128, 1547, 622, 1769, 1361, 949, 2152, 473, 449, 1895, 1876, 1503, 1696, 1480, 1766, 1306, 1894, ...]
                                                                           [1511, 1167, 1179, 1138, 1002, 938, 915, 868, 864, 828, 816, 776, 756, 742, 677, 728, 605, 591, 824, 498, 846, 519, 451, 401, 381, 430, 970, 452, 373, 385, 638, 332, 339, 310, 302, 368, 309, 482, 613, 1048, 2581, 243, 329, 282, 196, 237, 187, 310, 580, 2446, 158, 162, 203, 313, 16, 2147, 0, 1097, 189, 498, 3231, 3227, 439, 801, 391, 482, 1778, 972, 4002, 1171, 423, 694, 1702, 540, 1609, 2457, 953, 1548, 764, 1123, 295, 345, 542, 1087, 682, 1614, 487, 3489, 1275, 290, 1805, 2494, 413, 434, 3629, 581, 776, 3896, 946, 438, ...]
                                                          [1881, 1603, 1190, 1205, 1284, 1398, 1442, 1458, 1449, 1468, 1400, 1338, 1453, 1408, 1212, 1027, 1204, 1311, 809, 1180, 663, 1004, 1143, 1094, 1186, 976, 455, 934, 1123, 1059, 676, 1102, 1025, 1043, 1014, 901, 962, 737, 597, 256, 1496, 991, 867, 908, 1039, 961, 970, 827, 538, 1353, 947, 942, 898, 788, 1114, 1051, 1097, 0, 912, 604, 2133, 2129, 665, 309, 728, 634, 682, 161, 2905, 126, 721, 447, 612, 623, 529, 1363, 276, 482, 436, 227, 990, 909, 667, 240, 529, 550, 738, 2394, 292, 1112, 733, 1405, 863, 847, 2534, 679, 491, 2800, 367, 868, ...]
                                                                                  [1558, 1214, 1137, 1104, 1004, 977, 969, 934, 929, 905, 877, 828, 844, 820, 710, 702, 649, 672, 738, 553, 731, 507, 501, 440, 464, 414, 821, 417, 430, 411, 520, 387, 354, 338, 316, 316, 291, 365, 469, 878, 2401, 246, 249, 222, 241, 216, 168, 189, 408, 2263, 83, 80, 71, 144, 205, 1962, 189, 912, 0, 310, 3045, 3041, 251, 613, 204, 293, 1591, 784, 3816, 982, 241, 505, 1514, 357, 1420, 2270, 765, 1359, 578, 934, 231, 232, 367, 898, 498, 1426, 321, 3302, 1087, 304, 1617, 2306, 284, 299, 3441, 412, 594, 3708, 760, 312, ...]
                                                                           [1641, 1311, 1096, 1079, 1043, 1075, 1089, 1075, 1068, 1062, 1015, 956, 1019, 984, 825, 729, 785, 852, 653, 717, 585, 592, 668, 608, 673, 520, 592, 495, 620, 571, 408, 586, 520, 524, 494, 413, 445, 317, 306, 598, 2096, 446, 348, 370, 479, 410, 399, 278, 169, 1956, 355, 350, 307, 203, 514, 1654, 498, 604, 310, 0, 2736, 2732, 63, 303, 131, 60, 1281, 474, 3507, 673, 149, 210, 1204, 146, 1111, 1960, 465, 1051, 298, 630, 413, 344, 207, 596, 248, 1117, 236, 2992, 782, 531, 1308, 1996, 327, 321, 3132, 262, 339, 3398, 476, 345, ...]
             [3574, 3425, 2879, 2929, 3118, 3297, 3365, 3410, 3401, 3441, 3363, 3308, 3456, 3407, 3207, 2987, 3226, 3352, 2731, 3237, 2600, 3051, 3211, 3175, 3274, 3052, 2376, 3006, 3210, 3144, 2724, 3199, 3121, 3144, 3118, 3000, 3068, 2832, 2682, 2221, 711, 3107, 2980, 3025, 3159, 3080, 3096, 2951, 2661, 798, 3079, 3074, 3030, 2920, 3247, 1085, 3231, 2133, 3045, 2736, 0, 11, 2797, 2435, 2856, 2762, 1457, 2267, 773, 2069, 2843, 2560, 1541, 2735, 1642, 799, 2316, 1712, 2516, 2147, 3102, 3018, 2765, 2187, 2613, 1652, 2838, 329, 1999, 3223, 1467, 790, 2962, 2943, 461, 2759, 2540, 703, 2360, 2959, ...]
             [3575, 3425, 2879, 2929, 3118, 3296, 3364, 3409, 3400, 3440, 3362, 3307, 3454, 3405, 3205, 2986, 3224, 3350, 2729, 3235, 2598, 3048, 3209, 3172, 3272, 3049, 2374, 3003, 3208, 3141, 2721, 3196, 3118, 3141, 3115, 2997, 3065, 2829, 2679, 2219, 712, 3104, 2977, 3022, 3156, 3077, 3092, 2948, 2658, 796, 3075, 3070, 3027, 2916, 3243, 1082, 3227, 2129, 3041, 2732, 11, 0, 2793, 2431, 2852, 2758, 1453, 2263, 776, 2065, 2839, 2556, 1536, 2730, 1637, 793, 2311, 1707, 2511, 2142, 3098, 3013, 2761, 2182, 2609, 1647, 2833, 325, 1994, 3218, 1462, 784, 2957, 2938, 459, 2754, 2535, 703, 2355, 2954, ...]
                                                                              [1638, 1305, 1116, 1096, 1047, 1066, 1076, 1058, 1051, 1042, 998, 941, 995, 962, 811, 731, 766, 825, 678, 692, 621, 580, 642, 580, 639, 502, 645, 482, 588, 544, 433, 552, 490, 491, 461, 392, 415, 322, 339, 659, 2159, 408, 323, 337, 435, 372, 354, 246, 215, 2018, 302, 297, 255, 160, 456, 1716, 439, 665, 251, 63, 2797, 2793, 0, 363, 71, 53, 1342, 533, 3567, 732, 102, 258, 1264, 148, 1170, 2020, 517, 1109, 339, 684, 353, 288, 196, 650, 275, 1175, 205, 3052, 837, 470, 1366, 2055, 278, 275, 3191, 253, 370, 3458, 520, 299, ...]
                                                                         [1783, 1475, 1152, 1150, 1174, 1249, 1279, 1281, 1273, 1279, 1220, 1159, 1250, 1210, 1027, 879, 1004, 1093, 717, 958, 595, 800, 914, 858, 939, 751, 481, 714, 880, 822, 511, 852, 778, 790, 761, 658, 709, 511, 405, 386, 1804, 725, 609, 643, 766, 692, 691, 555, 288, 1659, 656, 651, 607, 499, 817, 1356, 801, 309, 613, 303, 2435, 2431, 363, 0, 421, 328, 979, 171, 3205, 370, 412, 145, 901, 316, 808, 1657, 196, 749, 174, 339, 682, 601, 365, 311, 245, 816, 434, 2689, 487, 804, 1006, 1693, 558, 543, 2829, 386, 248, 3096, 254, 565, ...]
                                                                             [1663, 1325, 1163, 1140, 1079, 1086, 1091, 1068, 1062, 1048, 1008, 953, 996, 966, 826, 764, 776, 824, 730, 694, 682, 600, 643, 580, 629, 516, 715, 501, 583, 546, 487, 544, 490, 486, 457, 405, 416, 362, 400, 729, 2223, 398, 332, 336, 415, 361, 334, 252, 284, 2080, 269, 264, 226, 157, 407, 1777, 391, 728, 204, 131, 2856, 2852, 71, 421, 0, 94, 1400, 590, 3626, 788, 55, 304, 1320, 156, 1225, 2076, 563, 1162, 374, 733, 282, 218, 182, 696, 297, 1227, 165, 3108, 886, 400, 1419, 2110, 215, 215, 3247, 236, 393, 3514, 556, 238, ...]
                                                                             [1686, 1353, 1152, 1134, 1091, 1116, 1127, 1110, 1103, 1094, 1049, 992, 1047, 1014, 862, 777, 818, 878, 711, 745, 644, 630, 694, 633, 692, 554, 650, 532, 641, 597, 465, 605, 543, 544, 515, 444, 469, 365, 365, 647, 2130, 461, 376, 390, 487, 424, 406, 299, 229, 1987, 351, 345, 304, 213, 498, 1683, 482, 634, 293, 60, 2762, 2758, 53, 328, 94, 0, 1306, 496, 3532, 694, 95, 212, 1226, 97, 1131, 1982, 472, 1068, 289, 641, 365, 292, 152, 605, 222, 1134, 176, 3015, 794, 486, 1325, 2017, 269, 262, 3154, 209, 317, 3421, 471, 287, ...]
